%eval_id interface             d1             d2             d3             d4             d5             d6             d7             d8             d9            d10            d11         obj_fn 
1             UQ_I              0              0              0              0              0              0              0              0              0              0              0   -50963955.07 
2             UQ_I           0.05              0              0              0              0              0              0              0              0              0              0   -50956121.05 
3             UQ_I              0           0.05              0              0              0              0              0              0              0              0              0   -50956120.93 
4             UQ_I              0              0           0.05              0              0              0              0              0              0              0              0    -50953469.4 
5             UQ_I              0              0              0           0.05              0              0              0              0              0              0              0      -50950909 
6             UQ_I              0              0              0              0           0.05              0              0              0              0              0              0   -51079106.02 
7             UQ_I              0              0              0              0           0.05           0.05              0              0              0              0              0   -51194257.84 
8             UQ_I              0              0              0              0           0.05           0.05           0.05              0              0              0              0   -51181229.24 
9             UQ_I              0              0              0              0           0.05           0.05              0           0.05              0              0              0   -51181211.77 
10            UQ_I              0              0              0              0           0.05           0.05              0              0           0.05              0              0   -51367214.67 
11            UQ_I              0              0              0              0           0.05           0.05              0              0           0.05           0.05              0   -51541034.09 
12            UQ_I              0              0              0              0           0.05           0.05              0              0           0.05           0.05           0.05   -51646012.54 
13            UQ_I -0.001248631703 -0.00124865004 -0.001671267031 -0.002079359462  0.06835343614  0.06835357335 -0.002076574711 -0.002079359462  0.07756687554  0.07770435978  0.06673208216    -51942723.8 
14            UQ_I -0.01288544427 -0.01288547977 -0.01370357617 -0.01449355612   0.0750599804  0.08552860549 -0.004019805966 -0.00402519665   0.1033635945   0.1036297346   0.0823897442   -52180164.67 
15            UQ_I -0.01752796992 -0.01752802074 -0.01869924014  0.01363306993  0.08679621163   0.1008641669 -0.005754914354 -0.005762631872   0.1263974476   0.1267784645  0.09637044808   -52394941.47 
16            UQ_I -0.02276519963 -0.02276526568 0.009984204276 0.009811503905  0.09784306906   0.1161110883 -0.007479993758 -0.007490024662   0.1492981644    0.149793394    0.110270343   -52595905.77 
17            UQ_I -0.02862928555 0.007041124106   0.0046412585 0.006059602989   0.1079662201   0.1310800665 -0.009173625887 -0.009185928004   0.1717814133   0.1723887736   0.1239168503    -52779003.6 
18            UQ_I 0.001763293781 0.0002291085278 -0.0006209540844 0.002364394196    0.117936374   0.1458228598 -0.01084166683 -0.01085620584   0.1939249349   0.1946427315   0.1373571556   -52947066.03 
19            UQ_I -0.004916833517 -0.004836341505 -0.004533962591 -0.0003833821836   0.1546304386   0.1255136963  -0.0120820307 -0.01209823308   0.2103909722   0.2111908899   0.1473514362   -53055234.72 
20            UQ_I -0.008258710016 -0.00737044118 -0.006491528755 -0.001758016064   0.1729874289   0.1471101038 -0.03759882556 -0.03761586007   0.1937321831   0.2194694598   0.1523512887    -53117546.9 
21            UQ_I -0.008258710016 -0.00737044118 -0.006491528755 -0.001758016064   0.1729874289   0.1471101038 -0.05527732532 -0.01993902089   0.1937338437   0.2194694598   0.1523512887   -53114300.78 
22            UQ_I -0.01231343191 -0.01044508187 -0.008866657338 -0.00342586887   0.1952600924   0.1733131745 -0.01500971004 -0.01555406703   0.1815531861   0.2295139061   0.1584176444   -53226533.97 
23            UQ_I -0.01540623001 -0.01279030877 -0.01067832121 -0.004698047855   0.2122488904   0.1932999478  -0.0161927226 -0.01714449225   0.2090950467   0.1977641103   0.1630448454   -53299861.32 
24            UQ_I -0.01564058303 -0.01302466523 -0.01099199775 -0.005088318392   0.2156936077   0.1967446908 -0.01658247047 -0.01753476279   0.2142690147   0.2029638824   0.1396611902   -53310108.57 
25            UQ_I -0.02489121804 -0.01901965092  -0.0132356856 -0.003603986494   0.2276760063   0.2217824665 -0.01471923643 -0.01743635698   0.2410838054   0.2294944863   0.1528669905   -53475050.92 
26            UQ_I -0.01149386286 -0.003083587609 0.005741487359  0.01839216068   0.2522544396    0.236272836 -0.01269679102 -0.01678933257   0.2544330045   0.2425843745   0.1602469484   -53583712.24 
27            UQ_I -0.005303400522 0.005899723452  0.01806364863 -0.01458896505    0.271055758   0.2525044894 -0.01050477716 -0.01611047223   0.2695551803   0.2574234583   0.1686307095   -53676923.18 
28            UQ_I 0.002990497511  0.01738657932 -0.01328031651 -0.01124699482   0.2924615199   0.2698390309 -0.007860416689 -0.01519585654   0.2850076244   0.2725430967   0.1771010607   -53762667.84 
29            UQ_I  0.01342735156 -0.01408132508 -0.007418717026 -0.007257991515   0.3157361085   0.2873760311 -0.004820879977 -0.01404287645   0.2998033959   0.2869655808   0.1850903458   -53834415.01 
30            UQ_I -0.01915086993 -0.005706269571 -0.0007816849906 -0.002731816655   0.3395294875   0.3047041317 -0.001467226418 -0.01268467832     0.31361787   0.3003760226    0.192426706   -53888714.28 
31            UQ_I -0.01122725328 0.0004509604718 0.004082754823 0.0005972846279    0.321483177   0.3487643094 0.0008814383205 -0.01162376233   0.3200919822   0.3065771641    0.195679473   -53914777.35 
32            UQ_I -0.01105409719 0.0005822623937 0.004184184219 0.0006685099518   0.3205320273   0.3476453125  0.01978688718 -0.02788326037   0.3209534895    0.306148218   0.1954204104   -53908380.81 
33            UQ_I -0.007364060169 0.003463479216 0.006470217679 0.002225344352   0.3144877552   0.3394885374  0.02309009086  0.01830467851   0.3503103991   0.3114285625   0.1983345503   -53906413.37 
34            UQ_I -0.01138578687 0.0003307466011 0.003989890833 0.0005320740676    0.322354005   0.3497888104 -0.006238413236 -0.01876648708   0.3356241618   0.2898402608   0.1959166584   -53907580.33 
35            UQ_I -0.005593810216 0.004883064458 0.007622885699  0.00298974148   0.3179819822   0.3426275318 -0.01781996616 -0.02971424055   0.3389513482   0.3424411841   0.2035238619    -53917002.9 
36            UQ_I -0.00525275373 0.005021438902 0.007448241501 0.002506259512    0.320687849   0.3445206694 -0.01832651272 -0.03011144248   0.3424666515   0.3460000366   0.1792698428   -53907776.25 
37            UQ_I  0.01244749551  0.01689924825  0.01244018305 0.0001173145906   0.3558706213    0.361142701 -0.01595948936 -0.02467041987   0.3367846855    0.347621644   0.2161679065   -53940103.56 
38            UQ_I 0.0001417830833 -0.0005547237316 -0.01130354299 -0.03028178384   0.3626830158   0.3781290562  -0.0156439653 -0.02162843143   0.3411959941   0.3577472882   0.2256427177   -53933621.24 
39            UQ_I  0.01363364235  0.01837006458 -0.007035732467  0.01548721651   0.3577463561   0.3622392971 -0.01567294428 -0.02453802256   0.3374881548   0.3482920795   0.2165138697   -53939151.89 
40            UQ_I -4.33691236e-05 -0.006865930322  0.03367715446  0.02566519191   0.3680147406   0.3790775157 -0.01726517468 -0.01997834214   0.3340054238   0.3551198724   0.2270622285   -53931369.35 
41            UQ_I -0.006840607549  0.03223863354  0.01348895188 0.0008355452378   0.3588149637   0.3630753955 -0.01545757581 -0.02443901857   0.3380316551   0.3488107054   0.2167825965   -53937417.16 
42            UQ_I  0.03862695805  0.04148601868  0.01507773373 -0.003735009803   0.3474780707   0.3791577464 -0.02425896317 -0.01711819606   0.3178153402   0.3514162436   0.2332909968   -53922397.07 
43            UQ_I  0.01330741507  0.01558501256  0.01165438369 -0.00197158771   0.3706979479   0.3428950333  -0.0189084032 -0.02296301557   0.3311539301   0.3482866691   0.2207468096   -53938396.53 
44            UQ_I  0.01331841458  0.01757748279  0.01297705226 0.0004839186068   0.3541381081    0.358880101 -0.009203719375 -0.01655496159   0.3392835944   0.3529588581   0.2166742846   -53940663.83 
45            UQ_I  0.01758696173  0.01938420828  0.01460141196 0.0004065234041   0.3581984889   0.3584103909 -0.01095524039 -0.01350083244   0.3595760011   0.3415907024   0.2222196548   -53937408.58 
46            UQ_I   0.0147300151  0.01868763253  0.01386348392 0.001083209267   0.3531880326   0.3572621235 -0.01220945338 -0.02244256704    0.344033592   0.3618133976   0.2185967477   -53933904.54 
47            UQ_I  0.01529648559  0.01786087224  0.01335013325 -0.0002248915029   0.3579942091   0.3596942557  0.01152267762 -0.02801525479    0.336515503   0.3473482932   0.2188583954   -53939784.06 
48            UQ_I  0.01669887802  0.01692286405  0.01533935547 -0.001441509548   0.3565776249   0.3622811541 -0.01171560236 -0.02054425533   0.3401536305   0.3513912744   0.2070748323   -53937796.97 
49            UQ_I 0.009798380788  0.02075455542 0.007308110188 0.003536541038   0.3630903787   0.3562174158 0.0001425485141 0.001437143962   0.3369520827    0.356349165   0.2099046162   -53940224.56 
50            UQ_I  0.01083911161  0.01261025481 0.007511565928 -0.007622934727   0.3558955836   0.3633991738 -0.009341412873 -0.01594077163   0.3396719859   0.3537102546   0.2189578604   -53942023.29 
51            UQ_I 0.007741652947 0.009621279671  0.00700708231 -0.007107511777   0.3541787247   0.3605637224 -0.008646577624 -0.01669215355   0.3413847211   0.3531836672   0.2167741486   -53942270.97 
52            UQ_I 0.007606499924 0.008246062928 0.005360620765 -0.00958193228   0.3473996914   0.3600776673 -0.008538034579 -0.01253102806    0.335608532   0.3464339786   0.2185251404   -53944280.86 
53            UQ_I 0.004776931013 0.0009579015382  0.01010000556 -0.004746176818   0.3494569848    0.364765246 -0.008814673147  -0.0103604415   0.3330639805   0.3449348561   0.2216177134   -53945760.25 
54            UQ_I 0.002052610402 0.003350214017  0.01023813521 -0.004059244897   0.3468065042   0.3685701885 -0.007779785247 -0.01022189092    0.334506305   0.3452638663   0.2208145378   -53945235.82 
55            UQ_I -0.00318920889 0.004711474677  0.01196031865 -0.007205923466   0.3541440575   0.3624419132 -0.01180573522 -0.01189404056    0.329632857   0.3409490454   0.2233106358   -53945748.88 
56            UQ_I 0.004435241198 0.0009483573232 0.005844175769 -0.001664184498   0.3498099473   0.3654983541 -0.009973697825 -0.01228710863   0.3307645664   0.3450605385   0.2210570194   -53945655.39 
57            UQ_I 0.006112309246 0.0006693749965 0.006890506239 -0.002490973473   0.3516405756   0.3651835523 -0.009970059774 -0.008318977502   0.3402122749   0.3367738831    0.224911883   -53947202.67 
58            UQ_I 0.006777816013 0.0004318336446 0.007448596641 -0.002890277679   0.3515354172   0.3655201712 -0.006085777868 -0.01253132858   0.3397505845   0.3351548592   0.2264291015   -53947042.13 
59            UQ_I 0.004838252476 -0.0003036153967 0.003812280095 -0.001759849795   0.3559499503   0.3641311129 -0.002244824102 -0.0008687329015   0.3381171853   0.3349423735   0.2238811191   -53948732.66 
60            UQ_I 0.003334221599 -0.005923139938 0.0007838267537 -0.001800452169   0.3547540903   0.3619217361 -0.001334805526 0.005037716054   0.3374041333   0.3323181599   0.2318695492   -53948525.08 
61            UQ_I 0.004434651854 -0.002734401831 0.001810924866 -0.005914243934   0.3572922205   0.3669553305 -0.00285685834 -0.001457141887    0.338486094     0.33494608   0.2228362949   -53948514.23 
62            UQ_I 0.007771263238 -0.002708293553  0.00666524631 0.0007321399732   0.3569673721   0.3641048723 -0.002370135338 0.002271957826   0.3356885264   0.3263209614   0.2178501214   -53947134.19 
63            UQ_I 0.001028767959 -0.002230541435 0.003381429369 -0.001026429801   0.3535790242   0.3627046544 -0.001242519387 -0.001643576777   0.3403688636   0.3347217565   0.2214865528   -53948347.89 
64            UQ_I 0.001530347494 0.005478140777 0.003594541441 -0.0004049018408   0.3527295411   0.3728695722 0.0002100633033 0.002581791924   0.3390280831   0.3340871696   0.2258228597   -53947951.65 
65            UQ_I 0.004418631212 -0.001017056224 0.004588406128 0.002240412633   0.3653184758   0.3640529471 -0.0006600072217 -0.0005482713133   0.3432929521   0.3391879432   0.2258194958   -53948724.75 
66            UQ_I 0.006229406022 0.003014916308 0.0007132100365 -0.003723279017    0.356335413   0.3611505011 -0.001276250659 -0.0001944648875   0.3396054044   0.3349563501    0.223759223   -53948617.48 
67            UQ_I 0.006829144833 -0.001240879096 0.003399789769 -0.001182881904   0.3547689276   0.3647031212 -0.001482202561 -0.0004711810344   0.3389789429   0.3359594552   0.2234548085   -53948522.07 
68            UQ_I 0.004651246174 -0.0001810643779 0.008163956642 -0.005027028855   0.3557097546   0.3630398184 -0.0006956614433 0.0009545262218   0.3385039304   0.3364326133   0.2241214921   -53948413.41 
69            UQ_I 0.004429428606 -0.0001738419142 0.003487634705 -0.001523622504   0.3559086646   0.3639830927 -0.004136568168 0.0009820934406   0.3378646573   0.3361494997   0.2229474935   -53948649.92 
70            UQ_I  0.00393096736 -0.000234630926 0.002474346052 -0.001145604476   0.3568004738   0.3634130757 -0.0002249110121 -0.002226060617   0.3334385328   0.3375849831   0.2240618956   -53948855.91 
71            UQ_I 0.004563920142 -0.0003249396029 0.002762646167 -0.000418706364   0.3581987936   0.3630473416 3.679611534e-05 -0.001827501452   0.3322021058   0.3356580028   0.2229724291   -53948791.74 
72            UQ_I 0.004379524176 -0.000871352023 0.002628734204 -0.001310744646   0.3568993064   0.3624887396 -0.0009120749061 -0.002876397467   0.3334109964   0.3377277532   0.2241188463   -53948816.54 
73            UQ_I 0.003463079278 0.001411720007 0.002521955773 -0.0004622291062   0.3569224363   0.3644013036 -0.001139297489 -0.003377211592   0.3328063468   0.3373161942   0.2257178964   -53948890.13 
74            UQ_I 0.003396567431 0.001964462465 0.002859397412 -0.0004095774039   0.3569123941   0.3645750717 -0.00118386636 -0.00414048892    0.333039005   0.3376185375   0.2245978951   -53948791.14 
75            UQ_I 0.001139289442 0.0007301350822  0.00171612222 0.0004408982559   0.3563766877   0.3636152682 -0.0005806223969 -0.003418200003   0.3330534694   0.3365707364   0.2264858762    -53948977.8 
76            UQ_I 0.000142821196 0.0009668408015 0.003521496478 -0.0005710431586   0.3563899365   0.3630552407 0.0003362285952 -0.00254252547   0.3324748805   0.3366874999   0.2279568004   -53948974.84 
77            UQ_I  0.00118984811 0.0008082161761 0.001610199797 -7.721719847e-05   0.3552132748   0.3636377803 -0.0007812194299 -0.003460860639   0.3324090435   0.3360407779   0.2262391896   -53948832.95 
78            UQ_I 0.000259836481 -0.0002649808771 0.0006340534056 -0.0008001244176   0.3581936558   0.3648142519 -0.0005539415846 -0.003635373866   0.3333059381   0.3366267701   0.2271471095   -53949125.92 
79            UQ_I 0.0005051729957 0.001341985664 -0.0009930554515 -0.001474319132   0.3590230072   0.3633993206 6.043600088e-05 -0.003298982786    0.334018276   0.3366209985   0.2277242923    -53949221.8 
80            UQ_I 0.001059433901 0.001110227685 -0.0009173923905 -0.001478762548   0.3588262876   0.3635727885 0.001080235176 -0.004087619179   0.3342933554   0.3362451942   0.2280808309   -53949189.14 
81            UQ_I 0.0003191676332 0.0009135533234 -0.001975512959 -0.0001509280305   0.3603494947   0.3636811893 0.0002651828885 -0.002146251682   0.3345308492   0.3378048495   0.2291231927   -53949326.52 
82            UQ_I 0.000538324011 -0.0002088422366 -0.001850211673 -0.000285700308   0.3612436834   0.3618584674 -0.001082401435 -0.003360477028   0.3346336155   0.3381510923   0.2300619682    -53949302.3 
83            UQ_I 0.0002654542822 0.0009317451271 -0.001838976096 -0.0005009850877   0.3597337448   0.3639285292 -0.0001740445807  -0.0020432135   0.3357589973   0.3379891928   0.2294560817   -53949324.32 
84            UQ_I 0.0003139480107 0.001047996353 -0.001512561281 0.0003946445778   0.3618274479   0.3637792261 -0.000157109929 -0.001225645881   0.3354395952   0.3355270626    0.229163358   -53949405.03 
85            UQ_I 7.209383108e-05 0.001953288009 -0.001431630633 0.0007403074248   0.3618858277   0.3642957168 -0.0006152139419 -0.001922814003   0.3351677475   0.3354461274   0.2297884997   -53949368.66 
86            UQ_I -0.001221962635 0.001313949808 -0.001404772803 0.000533018364   0.3635205006   0.3636058488 0.0006425122175 -0.001322889476   0.3367582045   0.3362480169   0.2279380982    -53949401.6 
87            UQ_I 0.001345642145 0.001373783544 -0.0009483373136 2.996080356e-05   0.3624356875   0.3641089783 -0.000296053456 -0.001123983464   0.3354640994   0.3360535062   0.2289804447   -53949411.45 
88            UQ_I  0.00152496902 0.0009373442564 -0.002586497087 -0.001095438164   0.3636095542   0.3645726467 -0.0004666772814 0.0007341730877   0.3354657105    0.335588316   0.2295297017    -53949374.5 
89            UQ_I 0.001852616136 0.001265405054 -0.001840082001 0.0005482891824   0.3624108789   0.3643769571 -0.0007546888214 -0.00155959255   0.3357508309   0.3359945709   0.2282384563   -53949376.14 
90            UQ_I 0.001938186046 0.002221507639 -0.0002895916948 0.001576703407   0.3621386637   0.3625393265 7.939950058e-05 0.0005910527498   0.3358758984   0.3362083089   0.2291844934   -53949392.19 
91            UQ_I 0.001114129901 0.0004199355988 -0.0001888567091 0.0005433372153   0.3625197317   0.3647600547 -0.0004976772833 -0.0007551116656   0.3353121532   0.3361345958   0.2289639932   -53949415.97 
92            UQ_I 0.001342120923 0.0002520599045 -0.0002948886175 0.0007309485285   0.3626194482   0.3648801461 1.965230951e-07 -0.0009522433872   0.3355119903   0.3361315935   0.2293282735   -53949413.56 
93            UQ_I 0.001245716217 0.0002281474059 0.0006225513276 -8.868849898e-05   0.3624022449   0.3645818108 -3.953420281e-05 -0.0008687395947   0.3354146668   0.3351975305    0.228548676   -53949405.83 
94            UQ_I 0.001150335936 0.000360894258 -0.0002504364501 0.0007095394739   0.3628625681   0.3645570248 -0.0003417327521 -0.0008599930323   0.3347125294   0.3360593572    0.228842119   -53949408.49 
95            UQ_I 0.001174933108 -0.0001848049123 8.754722055e-06 0.0003636661623   0.3629274538    0.363894241 -0.001205480781 -0.001176684891   0.3356704597   0.3362480079    0.229478619   -53949424.91 
96            UQ_I 0.001563631454 -0.000326707425 -4.538303982e-05 0.0002773377317   0.3624460802   0.3638904516 -0.00134161407 -0.001141534253   0.3353320717   0.3361883952   0.2297218936    -53949411.6 
97            UQ_I 0.0006521536778 -0.0004558281822 0.000253345369 -0.0001496948396   0.3628093234   0.3636535651 -0.0007567545125 -0.001216650019   0.3358251264   0.3374419441   0.2292617031   -53949429.99 
98            UQ_I 0.0005236915525 -0.0006589835307 -5.284105779e-05 -0.000641471715   0.3630434476   0.3640065235 -0.0008266808991 -0.001238202881    0.335722385   0.3373440124   0.2293716478   -53949424.85 
99            UQ_I 0.0005318292535 -0.0003496344068 0.000284808578 -0.0001102563937   0.3632845834   0.3632117412 -0.0006799210723 7.998267161e-05   0.3362814284   0.3375022874   0.2295666832   -53949441.69 
100           UQ_I -0.0001221235818 0.0004324871483 0.001035166568 3.63552104e-05   0.3636340614   0.3633739275 -0.0009455481325 -5.499842605e-05   0.3365047307   0.3377148442   0.2302632781   -53949424.47 
101           UQ_I  0.00108472939 -0.0001990769809 0.0004825209406 -0.0002432440258   0.3635815666   0.3633979452 -0.000789332657 9.099123645e-05   0.3363191542   0.3377559782   0.2294102728    -53949431.1 
102           UQ_I 5.538777208e-05 -0.0008314854525 -0.0002664530141 0.0004325520678   0.3632450867   0.3628992655 -0.0008754264178 0.000207357229   0.3371654791   0.3374790617   0.2288973804    -53949432.1 
103           UQ_I 0.0004570956321 -0.0008211221103 0.0007859150619 2.88520763e-07   0.3633010995   0.3634727433 -0.0006721857838 0.0002208240887   0.3362364212   0.3373542106   0.2294836501   -53949438.11 
104           UQ_I 0.0005313910493 -0.0001299627162 0.0006835883666 -0.0008914521113   0.3631789055   0.3625750778 -9.072401965e-05 -4.294931059e-05   0.3366535413   0.3367204612   0.2292578714   -53949443.38 
105           UQ_I 0.0003255033945 1.170285173e-05 0.000765613887 -0.001019024287    0.363189181    0.362398488 -0.0005167428273 0.0001124975313   0.3362793757   0.3367002353   0.2288737678   -53949439.85 
106           UQ_I 0.0004291854863 -0.0003624815272 0.0004842499575 -0.0004525070093   0.3639641586   0.3619479134 0.0006730029462 -0.0001773372097   0.3359272328   0.3367006043    0.229330477    -53949436.1 
107           UQ_I 0.0003977622071 0.0002031879495 0.0004609868668 -0.00080493837   0.3629507613   0.3628831579 0.000273677145 0.0002645979704   0.3364784609   0.3367306363   0.2291186731    -53949446.8 
108           UQ_I 0.0004156992421 0.0001798310082 0.001263496863 -0.0007015195485   0.3631184172    0.363431067 0.0008349887021 0.0001518193208   0.3370033625   0.3364828073   0.2282282925   -53949427.59 
109           UQ_I 0.0006916865264 -0.0001063771364 0.000415906894 -0.0009717236137   0.3618092503   0.3624177718 0.0005049906607 0.0008345532614   0.3363325722   0.3367944895   0.2296718344   -53949428.13 
110           UQ_I 0.000625010259 0.0003471007162 0.0003374398973 -0.0005297163062   0.3630034809   0.3629680495 8.425142017e-05 0.0003327252178   0.3364510892     0.33611282   0.2292371312   -53949447.26 
111           UQ_I 0.0007122982806 0.0001373262318 0.0001686930895 -0.0007289098268   0.3630638406   0.3630709664 0.0001026224218 0.0003879308108   0.3364098529   0.3360446201   0.2291431215   -53949445.75 
112           UQ_I 0.0001404723518 0.0005397559871 0.0002377027879 -0.0007626449946   0.3632085979   0.3631710891 3.453613922e-05 0.0003284480812   0.3365393311   0.3360197666   0.2296518862   -53949445.14 
113           UQ_I 0.0006763744307 0.0003755944088 0.0004214253751 -0.000611760605   0.3629036165   0.3630839795 0.0001129935716 8.608504979e-05   0.3362360864    0.336075878   0.2292890139   -53949446.57 
114           UQ_I 0.0003853792753 0.0003122082775 -0.0001275067035 -0.000297458963   0.3627708637   0.3629125603 5.265756209e-06 -5.880234871e-05   0.3366155901   0.3361156152   0.2290427052    -53949448.9 
115           UQ_I 0.000484749804 0.0005229368461 -0.0001876131158 -0.0004928614253    0.362787024   0.3627391654 9.492675204e-05 -0.0001245088111   0.3367027255   0.3360553892   0.2289916284   -53949445.27 
116           UQ_I 0.0006811530755 0.0005152075914 -0.0003631221259 -6.393735554e-05   0.3629481523   0.3631959071 -0.0002323869354 -6.529183931e-05   0.3365783926   0.3365556552   0.2291341233    -53949448.6 
117           UQ_I 0.0003573315836 0.0002690059095 -0.0002430200746 -0.0002057270947   0.3629295404   0.3627313747 0.0001369045739 -7.294395057e-05   0.3364033605   0.3361317518   0.2291283766   -53949449.92 
118           UQ_I 0.000179907578 0.0001695502253 -4.811175379e-05 0.0002662983163   0.3631920858   0.3629787313 0.0004486201423 -0.0001574927779   0.3364506153   0.3360871461   0.2288646904   -53949449.07 
119           UQ_I 0.0004768778103 0.0001723440801 -0.0002782760461 -0.0001638966407   0.3628379879   0.3627658377 0.000338572668 -0.0001040461143   0.3365639939   0.3361457724   0.2293491791   -53949448.84 
120           UQ_I 0.0001315407597 0.0001402603825 -0.0002769787477 0.0001373852361    0.362527243   0.3626224881 -4.5979455e-05 0.0002475106476   0.3360787762   0.3362087731   0.2291812064   -53949448.59 
121           UQ_I 0.0003668642013 8.344480227e-05 -0.0001395901523 -0.00014949612   0.3630447143   0.3625995186 -7.673915507e-05 -0.0002144965551   0.3364592708   0.3361404455   0.2291967218    -53949449.8 
122           UQ_I 0.0003903569454 0.0003119245841 -0.0002793074353 -0.0001510106051   0.3629527406   0.3627626675 8.828147481e-05 -5.606049652e-05   0.3364005884   0.3359755302   0.2291765846   -53949448.92 
123           UQ_I 6.082345187e-05 0.000299369972 -0.0002826155881 -0.0003033039877   0.3630263532   0.3628295362 0.0001159424329 -7.949067539e-05   0.3364265056   0.3361952616   0.2292974917   -53949450.97 
124           UQ_I 5.55064901e-05 0.0002429919062 -0.0003557620245 -0.0003071789171   0.3630842987   0.3627980648 0.0001066613634 4.419630441e-05   0.3365158355   0.3361979639   0.2292544229   -53949450.57 
125           UQ_I 6.892065819e-05 7.217394546e-05 -0.0003893313609 -0.0004552340692   0.3630406672   0.3629946323 0.0001197610275 -0.000153991812   0.3362550002   0.3361968211   0.2292343241   -53949450.83 
126           UQ_I 4.746400966e-05 0.0002572680567 -0.0001550697023 -0.0003713857363   0.3630372985   0.3628034285 0.0001642101347 -3.42394603e-06   0.3363972738   0.3361246268   0.2293205514   -53949450.66 
127           UQ_I 0.0002039683576 0.0003761779097 -0.0002068914036 -0.0002861781516   0.3631801789   0.3629529782 5.016689005e-05 2.990726466e-05   0.3363268834    0.336409635   0.2293928615   -53949451.98 
128           UQ_I 0.0002134818985 0.0003712928015 -0.0002522596382 -0.0003305726542    0.363068825   0.3628914589 -2.924943533e-05 8.97535274e-05   0.3362787796   0.3364306697   0.2294647932   -53949451.56 
129           UQ_I 1.557804879e-05 0.0003351517491 -0.000120649653 -5.81283923e-05   0.3631541139   0.3630142746 8.323102661e-05 5.856555643e-05   0.3362090955   0.3365891446   0.2293335266   -53949453.09 
130           UQ_I -9.128465779e-05 0.0004729542098 -8.533292514e-05 -0.0001193480497   0.3632954865   0.3629497631 0.0001520558386 -6.255632618e-05   0.3361230952   0.3368383533   0.2292692826   -53949451.59 
131           UQ_I 4.640810348e-05 0.0002862684021 -0.0001747514256 -1.041744581e-05   0.3631803894   0.3629602214 0.0002003091266 4.274920347e-05   0.3361870563    0.336599824   0.2294404574   -53949452.79 
132           UQ_I 3.670948699e-05 0.0002642818443 -1.45722706e-05 -4.022626682e-05   0.3630142209   0.3632306172 0.0001138292595 2.640908481e-05     0.33641848   0.3367145633    0.229420875   -53949452.71 
133           UQ_I 1.29364359e-05 0.0004304903316 -0.0001745822716 -8.268217793e-05   0.3630981309   0.3630820712 0.0001867198511 0.0001302777831   0.3361810202   0.3365748024   0.2293025113   -53949452.52 
134           UQ_I -3.761768678e-05 0.0003577726231 -0.0001058122823 0.0001469713118   0.3632722128   0.3631702296 -9.186783019e-05 4.688633623e-05   0.3361347263   0.3364370421   0.2294295946   -53949452.47 
135           UQ_I 0.0001446179486 0.0003038097151 -7.577932314e-05 2.207568118e-05    0.363119261   0.3629894226 7.630373543e-05 5.178334462e-05    0.336175614   0.3365996184   0.2292391323   -53949453.12 
136           UQ_I 0.0001421890899 0.0003542630723 -5.609836798e-05 5.872682442e-05    0.363120765   0.3629465235 7.457516209e-05 8.056750377e-05   0.3362250543   0.3365994714   0.2292508016   -53949452.95 
137           UQ_I 0.0001298097114 0.0002067226648 -0.0001397254001 2.834095365e-05    0.363188281   0.3629958045 5.336599195e-05 0.000158233559   0.3362258982   0.3366365177   0.2291773173   -53949453.08 
138           UQ_I 0.0001578447092 0.0002957347624 -1.03181388e-05 -5.216472047e-06   0.3631444634   0.3629944934 8.852315702e-05 9.936288754e-05    0.336149675   0.3365974385   0.2292618254   -53949453.08 
139           UQ_I 4.790583856e-05 0.000216698424 -1.68721617e-05 2.478439056e-05   0.3630660293    0.362943202 0.0001101371088 2.778702868e-05   0.3361839548    0.336512205   0.2291814537    -53949453.3 
140           UQ_I  4.8640284e-05 0.0002009206904 -3.460385812e-05 2.42322203e-05   0.3630029593   0.3629245343 7.100271454e-05 6.620853084e-05   0.3361615882   0.3365133501   0.2292151723   -53949453.27 
141           UQ_I -2.020743126e-05 0.0001901023829 2.22759291e-05 -9.515539965e-06   0.3630780379   0.3628892139 5.88879672e-05 -4.51296948e-05    0.336123665   0.3366261728   0.2291318011   -53949453.11 
142           UQ_I 8.438886188e-05 0.0002127880615 -2.512573765e-05 -4.515558166e-05   0.3630515978   0.3629048332 0.000123192472 2.031398402e-05   0.3362190591   0.3365137718   0.2291720076   -53949453.21 
143           UQ_I 6.80389516e-05 0.0001696018447 -1.378539741e-05 2.722867091e-05   0.3631194408   0.3629819726 2.03048245e-06 -3.046431562e-05   0.3361791775   0.3363857764   0.2291895057   -53949453.29 
144           UQ_I 7.429805093e-05 0.000197752687 -2.551185038e-05 3.305358296e-05   0.3630254031   0.3629990134 0.0001110507397 -1.865610376e-05   0.3362033715   0.3365436862   0.2291883058   -53949453.39 
145           UQ_I 2.123537445e-05 0.0001368117315 9.115485858e-05 4.120801037e-05   0.3630227233   0.3630391751 0.0001066470253 2.953548287e-05   0.3363128137   0.3365534522   0.2292319519   -53949453.52 
146           UQ_I 6.990452705e-06 0.0001807000004 0.0001024649374 1.438045695e-05   0.3629980256    0.363078912 7.908134323e-05 5.328589425e-05   0.3363159942   0.3365453799   0.2291774378    -53949453.4 
147           UQ_I -5.302592199e-06 3.301518326e-05 8.649827831e-05 9.18034367e-05   0.3630059104   0.3631079797 0.0002300600126 1.516920438e-05   0.3362953189   0.3365107735   0.2292707587   -53949453.38 
148           UQ_I -2.228131159e-06 0.0001838914786 0.0001001490159 0.0001035462421   0.3630446227   0.3630163896 0.0001352334036 3.604243941e-05   0.3363298509   0.3365368772   0.2292124719   -53949453.35 
149           UQ_I 9.23006271e-05 9.856771605e-05 7.904606254e-05 6.113500358e-05   0.3629444379   0.3630275788 2.283349847e-05 -4.797645106e-05   0.3363905286   0.3365874926   0.2292997468   -53949453.36 
150           UQ_I 7.813206578e-05 0.0001539752134 0.0001532906819 4.252293224e-05   0.3630330656   0.3630511692 0.0001143900306 3.765138914e-05    0.336272584   0.3365611332   0.2292554364   -53949453.43 
151           UQ_I 4.176302064e-05 0.0001130157894 8.864664071e-05 5.697843098e-05   0.3630277235   0.3630352821 0.0001014505848 4.669356137e-05   0.3363155919   0.3365611707   0.2292031679   -53949453.51 
152           UQ_I 1.965649951e-05 0.0001393040216 5.078920056e-05 3.168267348e-05   0.3630791016    0.363075482 9.468147737e-05 5.956717389e-05   0.3363254242   0.3365899602   0.2292671306   -53949453.57 
153           UQ_I 1.680848214e-05 0.0001464445511 4.866523043e-05 2.889680975e-05   0.3630573377   0.3630679507 0.0001163296514 6.92869114e-05   0.3363261668   0.3366264909   0.2292668461    -53949453.5 
154           UQ_I -2.752063128e-05 0.0001051420378 7.334489707e-05 2.35266804e-05   0.3631151065   0.3630680761 6.303746207e-05 2.078202917e-05   0.3362940397   0.3366224555   0.2292555446   -53949453.62 
155           UQ_I -1.419850719e-05 0.0001080974468 7.716444662e-05 5.028539205e-06   0.3631316672   0.3630718602 8.281174898e-05 -2.840198436e-06    0.336315524   0.3366263833   0.2292399753   -53949453.58 
156           UQ_I -4.018391671e-05 7.145533908e-05 6.948072569e-05 -2.943096882e-05   0.3631361284   0.3630187564 4.976564637e-05 5.615861029e-05   0.3362947331   0.3365901516   0.2292787692   -53949453.65 
157           UQ_I -2.701311515e-05 8.662593547e-05 7.145092967e-05 -2.718198634e-05   0.3631326899    0.362997962 1.810657797e-05 4.745268831e-05   0.3363139061   0.3366028975   0.2292846904   -53949453.62 
158           UQ_I -4.680978339e-05 7.589341105e-06 4.489445608e-05 -2.026906679e-05    0.363120998   0.3630565457 2.763284318e-05 2.895716329e-05   0.3362975651   0.3365663254   0.2293203186   -53949453.72 
159           UQ_I -2.494239213e-05 1.782889714e-05 -2.121289873e-05 -2.957676354e-05   0.3631288967   0.3630418442 2.063259576e-05 1.866768191e-06   0.3362365424   0.3365557346   0.2293123938   -53949453.75 
160           UQ_I -2.594894827e-05 1.345837769e-05 -2.326930542e-05 9.89730867e-08   0.3631456984    0.363018501 4.06134914e-05 -6.120651944e-06   0.3362402638   0.3365541925   0.2293293804   -53949453.73 
161           UQ_I -7.881894488e-05 1.828779257e-05 -4.262152219e-05 -1.772703801e-05   0.3631562525   0.3630785109 -1.7879258e-05 1.452548302e-05   0.3362222518   0.3365063025   0.2293016974   -53949453.69 
162           UQ_I -3.653641338e-05 4.308263983e-05 -9.97672054e-06 -4.450970906e-05   0.3631255727   0.3630472814 2.671518718e-05 -1.342995819e-05   0.3362281609   0.3365494262   0.2293433282   -53949453.72 
163           UQ_I 3.274766173e-05 -1.263901679e-05 1.887580078e-05 -2.507407317e-05      0.3631528   0.3630635561 3.835648328e-06 2.094861257e-05   0.3361890666   0.3365555923    0.229325554   -53949453.71 
164           UQ_I -2.327923543e-05 1.435324793e-05 -1.418715765e-06 -2.417129506e-05   0.3631092012   0.3630270758 1.933791618e-05 -1.547676319e-05   0.3362303331   0.3365267052   0.2292958297   -53949453.75 
165           UQ_I -5.002308045e-05 -3.877053334e-05 -2.34802803e-05 -3.725619732e-05   0.3630503629    0.363014299 3.137957071e-05 -8.49978106e-06   0.3362059016   0.3365633764   0.2292891853   -53949453.69 
166           UQ_I -3.472865613e-07 2.195475296e-05 -2.787283496e-05 -2.88673319e-05   0.3630934154   0.3630360654 2.609512574e-05 7.047621793e-06   0.3362458819   0.3365183851    0.229295143   -53949453.75 
167           UQ_I 3.22621438e-06 1.927425249e-05 2.959973033e-06 4.912056219e-06   0.3630690432   0.3630277267 5.035601946e-05 7.889790773e-06   0.3362402088   0.3364475413   0.2293349483   -53949453.66 
168           UQ_I 1.939903954e-05 -8.773142568e-06 -3.708265362e-05 -7.222836434e-05   0.3631259469   0.3630522813 5.347232462e-05 -4.285025005e-05   0.3362815548   0.3365055779   0.2292686149    -53949453.7 
